4
41
-245.6 177.99999999999997
-241.6 177.99999999999997
-233.6 177.99999999999997
-221.6 179.0
-211.20000000000002 179.0
-200.8 179.99999999999997
-191.2 179.99999999999997
-182.39999999999998 181.0
-175.2 181.0
-168.8 181.0
-166.4 181.0
-167.20000000000002 179.99999999999997
-172.00000000000003 179.0
-176.79999999999998 175.0
-180.79999999999998 173.0
-187.2 166.0
-190.39999999999998 160.0
-193.6 150.99999999999997
-197.6 143.0
-201.6 132.0
-202.4 124.0
-203.2 116.0
-203.2 108.0
-203.2 101.0
-200.8 94.0
-199.2 89.0
-198.4 86.0
-198.4 84.0
-197.6 81.0
-197.6 79.0
-197.6 78.0
-197.6 75.0
-197.6 74.0
-198.4 73.0
-199.2 71.0
-199.2 70.0
-199.2 69.0
-198.4 66.0
-197.6 65.0
-196.0 64.0
-196.0 63.0
126
-114.40000000000003 238.0
-114.40000000000003 239.0
-114.40000000000003 240.0
-114.40000000000003 241.0
-114.40000000000003 242.0
-113.60000000000002 244.0
-113.60000000000002 246.0
-112.0 248.0
-108.80000000000001 250.0
-103.19999999999999 252.0
-99.19999999999999 252.0
-92.80000000000001 254.0
-88.80000000000001 255.0
-83.19999999999999 255.0
-78.39999999999998 255.0
-71.20000000000005 255.0
-64.0 254.0
-56.80000000000001 250.0
-47.19999999999999 247.0
-39.19999999999999 241.0
-32.0 234.0
-25.599999999999966 228.0
-18.400000000000034 219.0
-12.800000000000011 210.0
-7.199999999999989 201.0
-2.3999999999999773 190.0
0.0 177.0
3.1999999999999886 168.00000000000003
3.1999999999999886 158.0
4.800000000000011 148.0
4.800000000000011 138.0
4.800000000000011 130.0
3.1999999999999886 122.0
-1.6000000000000227 112.0
-4.800000000000011 105.0
-9.600000000000023 101.0
-13.600000000000023 98.0
-19.200000000000045 97.0
-24.0 96.0
-31.19999999999999 96.0
-36.0 97.0
-44.0 101.0
-49.60000000000002 105.0
-56.80000000000001 111.0
-63.19999999999999 118.0
-67.19999999999999 124.0
-68.80000000000001 129.0
-70.40000000000003 136.0
-70.40000000000003 143.0
-68.80000000000001 149.00000000000003
-62.400000000000034 154.99999999999997
-59.19999999999999 160.0
-51.19999999999999 165.0
-44.80000000000001 168.00000000000003
-36.80000000000001 172.00000000000003
-30.399999999999977 173.0
-23.200000000000045 173.0
-15.199999999999989 172.00000000000003
-8.800000000000011 169.0
-6.399999999999977 167.0
-3.1999999999999886 163.0
0.0 156.0
3.1999999999999886 149.00000000000003
4.800000000000011 140.0
8.0 128.0
11.199999999999989 117.0
17.600000000000023 106.0
21.600000000000023 97.0
28.0 91.0
36.80000000000001 84.0
44.80000000000007 80.0
53.599999999999966 76.0
63.99999999999994 74.0
76.79999999999995 74.0
90.39999999999998 74.0
106.39999999999998 76.0
116.80000000000007 81.0
124.0 85.0
129.60000000000002 91.0
132.0 96.0
136.0 105.0
138.4000000000001 110.0
140.0 120.0
140.0 125.0
140.0 132.0
140.0 138.0
140.0 141.0
139.20000000000005 143.0
139.20000000000005 144.0
138.4000000000001 144.0
137.60000000000002 144.0
136.0 144.0
134.39999999999998 140.0
132.80000000000007 132.0
130.39999999999998 125.0
127.20000000000005 115.0
124.80000000000007 103.0
123.20000000000005 91.0
121.60000000000002 79.0
120.80000000000007 67.0
120.80000000000007 52.0
119.20000000000005 37.0
120.0 19.0
123.20000000000005 -5.0
124.0 -22.0
126.39999999999998 -34.99999999999994
126.39999999999998 -46.0
126.39999999999998 -55.0
126.39999999999998 -62.0
124.80000000000007 -67.0
122.39999999999998 -73.00000000000006
120.80000000000007 -75.0
116.80000000000007 -76.99999999999994
111.19999999999999 -78.0
104.80000000000001 -80.0
96.0 -80.99999999999994
92.0 -82.0
84.0 -84.99999999999994
78.39999999999998 -88.0
73.59999999999997 -90.00000000000006
70.39999999999998 -93.0
68.0 -94.00000000000006
67.19999999999999 -96.0
66.39999999999998 -96.0
65.59999999999997 -97.0
63.99999999999994 -98.00000000000006
259
-132.0 -99.0
-132.0 -97.0
-132.8 -96.0
-134.39999999999998 -93.0
-136.8 -90.00000000000006
-142.39999999999998 -88.0
-149.6 -84.0
-154.4 -83.0
-161.60000000000002 -80.99999999999994
-168.00000000000003 -80.99999999999994
-172.00000000000003 -80.99999999999994
-178.39999999999998 -80.99999999999994
-183.2 -83.0
-188.0 -84.99999999999994
-191.2 -86.00000000000006
-193.6 -90.00000000000006
-196.0 -93.0
-196.0 -95.0
-196.8 -99.0
-196.8 -101.99999999999994
-196.8 -105.0
-196.8 -109.99999999999994
-196.8 -117.0
-195.2 -122.0
-192.79999999999998 -130.0
-190.39999999999998 -136.0
-188.0 -139.0
-184.79999999999998 -142.0
-179.99999999999997 -144.0
-174.40000000000003 -146.0
-169.60000000000002 -146.0
-161.60000000000002 -146.0
-154.4 -145.0
-144.79999999999998 -142.0
-136.0 -138.0
-124.80000000000001 -135.0
-113.60000000000002 -129.0
-104.0 -124.0
-95.19999999999999 -117.0
-87.19999999999999 -112.0
-80.0 -109.0
-75.19999999999999 -105.99999999999994
-69.60000000000002 -104.0
-65.60000000000002 -103.0
-57.60000000000002 -103.0
-53.60000000000002 -103.0
-48.80000000000001 -104.0
-42.39999999999998 -105.99999999999994
-37.599999999999966 -108.0
-33.599999999999966 -113.0
-28.0 -118.0
-23.200000000000045 -124.0
-18.400000000000034 -133.0
-11.199999999999989 -143.0
-7.199999999999989 -151.0
-1.6000000000000227 -164.0
4.0 -181.0
8.800000000000011 -196.0
12.800000000000011 -213.0
17.600000000000023 -228.0
21.600000000000023 -242.0
23.200000000000045 -255.0
23.200000000000045 -267.0
23.200000000000045 -278.0
22.400000000000034 -287.0
20.0 -293.0
17.600000000000023 -299.0
13.600000000000023 -303.0
7.199999999999989 -307.0
-3.1999999999999886 -309.0
-12.800000000000011 -310.0
-25.599999999999966 -310.0
-38.39999999999998 -310.0
-48.80000000000001 -310.0
-61.60000000000002 -307.0
-69.60000000000002 -303.0
-75.19999999999999 -298.0
-80.0 -292.0
-84.0 -285.0
-84.80000000000001 -275.0
-84.80000000000001 -265.0
-84.80000000000001 -253.0
-84.80000000000001 -241.0
-80.79999999999995 -230.0
-77.59999999999997 -219.0
-72.80000000000001 -209.0
-68.0 -200.0
-57.60000000000002 -192.0
-43.19999999999999 -184.0
-35.19999999999999 -178.0
-27.19999999999999 -174.0
-16.80000000000001 -170.0
-7.199999999999989 -170.0
6.399999999999977 -169.0
16.80000000000001 -169.0
24.0 -171.0
31.200000000000045 -175.0
39.200000000000045 -181.0
44.80000000000007 -185.0
48.80000000000007 -191.0
51.99999999999994 -195.0
57.599999999999966 -201.0
66.39999999999998 -206.0
73.59999999999997 -208.0
80.0 -210.0
87.19999999999999 -212.0
98.39999999999998 -212.0
106.39999999999998 -212.0
116.0 -211.0
124.0 -208.0
137.60000000000002 -204.0
152.0 -197.0
168.0 -189.0
186.39999999999998 -176.0
201.60000000000002 -165.0
212.79999999999995 -154.0
224.80000000000007 -141.0
231.20000000000005 -132.0
236.0 -120.0
239.20000000000005 -109.0
240.0 -98.00000000000006
240.0 -86.00000000000006
240.0 -76.0
238.4000000000001 -68.0
236.0 -59.99999999999994
233.60000000000002 -54.0
232.0 -51.99999999999994
229.60000000000002 -49.0
228.80000000000007 -49.0
228.0 -49.0
225.60000000000002 -49.0
222.39999999999998 -49.0
216.80000000000007 -54.0
211.20000000000005 -62.0
206.39999999999998 -69.00000000000006
199.20000000000005 -80.99999999999994
194.39999999999998 -91.0
191.20000000000005 -100.0
186.39999999999998 -113.0
183.19999999999993 -125.0
178.39999999999998 -136.0
177.60000000000002 -146.0
176.79999999999995 -156.0
176.79999999999995 -166.0
178.39999999999998 -174.0
182.39999999999998 -183.0
190.39999999999998 -193.0
195.20000000000005 -200.0
205.60000000000002 -208.0
214.39999999999998 -213.0
225.60000000000002 -218.0
235.20000000000005 -222.0
249.60000000000002 -227.0
257.5999999999999 -230.0
264.79999999999995 -233.0
270.4 -235.0
272.79999999999995 -237.0
272.79999999999995 -238.0
272.79999999999995 -240.0
272.79999999999995 -241.0
272.0 -244.0
270.4 -246.0
266.4 -249.0
261.5999999999999 -251.0
256.0 -252.0
249.60000000000002 -253.0
240.80000000000007 -254.0
232.80000000000007 -254.0
227.20000000000005 -254.0
220.0 -254.0
215.20000000000005 -254.0
213.60000000000002 -254.0
212.79999999999995 -254.0
215.20000000000005 -255.0
222.39999999999998 -256.0
228.0 -257.0
233.60000000000002 -258.0
241.60000000000002 -259.0
248.0 -260.0
252.79999999999995 -262.0
255.19999999999993 -263.0
254.39999999999998 -264.0
252.79999999999995 -266.0
251.19999999999993 -268.0
248.80000000000007 -273.0
246.4000000000001 -277.0
242.4000000000001 -285.0
240.0 -292.0
236.80000000000007 -298.0
233.60000000000002 -305.0
229.60000000000002 -309.0
226.39999999999998 -313.0
224.0 -314.0
220.80000000000007 -317.0
218.39999999999998 -318.0
215.20000000000005 -320.0
213.60000000000002 -320.0
212.0 -320.0
208.0 -320.0
203.20000000000005 -319.0
199.20000000000005 -318.0
191.20000000000005 -317.0
182.39999999999998 -315.0
174.39999999999998 -314.0
169.60000000000002 -313.0
163.19999999999993 -311.0
158.39999999999998 -309.0
155.19999999999993 -308.0
152.79999999999995 -307.0
152.79999999999995 -305.0
152.0 -305.0
152.0 -303.0
152.0 -302.0
152.0 -300.0
152.0 -298.0
152.0 -296.0
151.19999999999993 -293.0
151.19999999999993 -287.0
151.19999999999993 -281.0
151.19999999999993 -275.0
151.19999999999993 -269.0
152.0 -260.0
153.5999999999999 -253.0
155.19999999999993 -246.0
158.39999999999998 -238.0
161.5999999999999 -228.0
167.19999999999993 -219.0
172.79999999999995 -211.0
177.60000000000002 -203.0
181.60000000000002 -196.0
186.39999999999998 -191.0
190.39999999999998 -185.0
196.0 -181.0
198.39999999999998 -178.0
204.0 -176.0
210.39999999999998 -175.0
216.0 -175.0
223.20000000000005 -175.0
233.60000000000002 -175.0
240.80000000000007 -175.0
246.4000000000001 -175.0
252.0 -175.0
258.4 -175.0
262.4 -175.0
268.0 -173.0
271.19999999999993 -172.0
274.4 -168.0
277.6 -165.0
281.6 -160.0
285.6 -153.0
288.79999999999995 -147.0
290.4 -140.0
292.0 -133.0
294.4 -123.0
296.0 -115.0
296.0 -105.0
296.79999999999995 -95.0
296.79999999999995 -84.0
296.79999999999995 -75.0
50
212.79999999999995 252.0
208.0 253.0
204.0 253.0
201.60000000000002 254.0
200.79999999999995 254.0
201.60000000000002 252.0
205.60000000000002 248.0
209.60000000000002 246.0
215.20000000000005 241.0
220.80000000000007 237.0
228.0 232.0
237.60000000000002 225.0
248.0 218.0
258.4 211.0
264.0 205.0
267.19999999999993 201.0
268.79999999999995 196.0
269.6 193.00000000000003
269.6 189.0
269.6 185.0
269.6 181.0
267.19999999999993 175.0
264.79999999999995 168.00000000000003
261.5999999999999 162.0
258.4 156.99999999999997
256.0 150.99999999999997
252.79999999999995 145.00000000000003
251.19999999999993 141.0
248.80000000000007 134.0
246.4000000000001 128.0
244.80000000000007 123.0
244.0 117.0
243.20000000000005 113.0
243.20000000000005 108.0
243.20000000000005 104.0
243.20000000000005 102.0
243.20000000000005 100.0
243.20000000000005 99.0
242.4000000000001 97.0
242.4000000000001 96.0
241.60000000000002 96.0
241.60000000000002 95.0
240.0 95.0
239.20000000000005 95.0
238.4000000000001 94.0
236.80000000000007 94.0
236.0 94.0
235.20000000000005 94.0
234.39999999999998 94.0
233.60000000000002 94.0
